1 -1123.026003009114220 0
2 -1123.352180053069560 -0.326177
3 -1123.396377832235430 -0.0441978
4 -1123.441131575885493 -0.0447537
5 -1123.457416301015655 -0.0162847
6 -1123.471705648337547 -0.0142893
7 -1123.478691389972937 -0.00698574
8 -1123.486556828325092 -0.00786544
9 -1123.493744954361318 -0.00718813
10 -1123.499741942875062 -0.00599699
11 -1123.505191040473619 -0.0054491
12 -1123.509039130316751 -0.00384809
13 -1123.512408060529197 -0.00336893
14 -1123.516475143243269 -0.00406708
15 -1123.520672442534760 -0.0041973
16 -1123.521289978551522 -0.000617536
17 -1123.526275342080453 -0.00498536
18 -1123.524587885501660 0.00168746
